1000 1996
0 1
0 2
0 3
0 4
0 5
0 9
0 10
0 12
0 15
0 16
0 18
0 28
0 38
0 39
0 43
0 52
0 55
0 83
0 94
0 103
0 141
0 157
0 167
0 185
0 190
0 205
0 212
0 215
0 228
0 244
0 252
0 265
0 268
0 298
0 309
0 310
0 339
0 349
0 353
0 359
0 409
0 418
0 435
0 459
0 460
0 467
0 481
0 492
0 503
0 509
0 514
0 554
0 608
0 614
0 621
0 649
0 650
0 708
0 732
0 809
0 823
0 828
0 865
0 869
0 989
1 5
1 6
1 8
1 10
1 11
1 13
1 14
1 18
1 33
1 34
1 36
1 50
1 51
1 57
1 64
1 69
1 72
1 77
1 82
1 84
1 107
1 113
1 122
1 134
1 138
1 146
1 164
1 220
1 222
1 283
1 297
1 316
1 328
1 343
1 395
1 400
1 435
1 469
1 526
1 536
1 542
1 554
1 592
1 609
1 653
1 668
1 676
1 681
1 694
1 698
1 717
1 773
1 794
1 833
1 857
1 879
1 907
1 926
1 951
1 996
2 3
2 4
2 6
2 7
2 14
2 17
2 31
2 39
2 47
2 53
2 61
2 67
2 87
2 88
2 99
2 105
2 113
2 123
2 133
2 134
2 136
2 152
2 163
2 189
2 207
2 221
2 271
2 274
2 276
2 290
2 311
2 323
2 362
2 363
2 385
2 547
2 570
2 575
2 594
2 704
2 786
2 787
2 833
2 897
3 7
3 9
3 11
3 19
3 21
3 23
3 24
3 30
3 33
3 36
3 41
3 44
3 54
3 58
3 80
3 87
3 97
3 110
3 111
3 114
3 120
3 135
3 146
3 151
3 155
3 156
3 179
3 180
3 188
3 194
3 201
3 246
3 248
3 265
3 286
3 310
3 339
3 363
3 375
3 390
3 400
3 404
3 408
3 410
3 414
3 427
3 455
3 461
3 497
3 504
3 508
3 516
3 530
3 551
3 572
3 582
3 626
3 632
3 634
3 704
3 769
3 842
3 848
3 878
3 880
3 888
3 906
3 928
3 951
3 960
4 38
4 154
4 844
4 921
4 967
5 20
5 22
5 23
5 27
5 48
5 50
5 59
5 64
5 66
5 85
5 126
5 132
5 140
5 161
5 165
5 197
5 219
5 231
5 238
5 273
5 370
5 377
5 392
5 399
5 428
5 434
5 485
5 518
5 551
5 560
5 609
5 669
5 745
5 751
5 795
5 800
5 932
5 960
5 995
6 8
6 22
6 25
6 56
6 74
6 94
6 110
6 115
6 121
6 131
6 175
6 206
6 220
6 304
6 306
6 329
6 365
6 379
6 468
6 496
6 526
6 581
6 690
6 743
6 945
6 955
6 956
7 12
7 28
7 44
7 48
7 49
7 65
7 70
7 118
7 119
7 144
7 224
7 271
7 306
7 327
7 364
7 389
7 440
7 474
7 491
7 543
7 587
7 628
7 636
7 859
7 957
7 999
8 62
8 97
8 124
8 142
8 227
8 260
8 302
8 309
8 321
8 538
8 610
8 620
8 655
8 736
9 24
9 30
9 32
9 52
9 96
9 160
9 226
9 256
9 319
9 393
9 503
9 515
9 541
9 579
9 646
9 735
9 737
9 783
9 914
9 976
10 15
10 21
10 51
10 81
10 82
10 91
10 103
10 109
10 132
10 139
10 144
10 174
10 211
10 217
10 229
10 234
10 298
10 397
10 445
10 493
10 499
10 564
10 652
10 714
10 817
10 840
10 846
10 870
10 872
10 944
10 988
11 13
11 16
11 17
11 20
11 35
11 90
11 106
11 118
11 128
11 148
11 233
11 259
11 272
11 457
11 466
11 549
11 575
11 667
11 679
11 701
11 705
11 789
12 32
12 47
12 244
12 253
12 338
12 361
12 510
12 687
12 753
12 991
13 29
14 27
14 173
14 180
14 281
14 327
14 408
14 465
14 536
14 682
14 770
14 868
15 25
15 40
15 46
15 76
15 93
15 100
15 104
15 378
15 401
15 415
15 605
15 619
15 632
15 715
15 756
15 907
15 979
16 19
16 29
16 31
16 96
16 102
16 114
16 170
16 242
16 253
16 303
16 308
16 319
16 335
16 436
16 638
16 641
16 646
16 763
16 915
17 53
17 92
17 93
17 296
17 411
17 538
17 574
17 665
18 26
18 34
18 42
18 60
18 73
18 89
18 91
18 130
18 182
18 246
18 347
18 412
18 459
18 529
18 608
18 635
18 784
18 792
19 356
19 433
19 442
19 600
19 788
19 844
20 40
20 223
20 257
20 489
20 539
20 727
20 778
20 969
20 976
21 409
21 984
22 54
22 59
22 123
22 209
22 211
22 237
22 320
22 349
22 487
22 529
22 616
22 688
22 708
22 728
22 873
22 876
23 933
24 35
24 63
24 145
24 198
24 225
24 252
24 333
24 385
24 388
24 414
24 470
24 492
24 516
24 557
24 573
24 638
24 760
24 775
24 965
25 26
25 42
25 45
25 58
25 62
25 86
25 89
25 95
25 98
25 116
25 131
25 141
25 166
25 168
25 172
25 181
25 249
25 305
25 352
25 353
25 458
25 472
25 637
25 738
25 742
25 855
25 947
25 957
25 998
26 275
26 636
27 56
27 109
27 232
27 289
27 468
27 719
27 786
27 849
27 971
28 448
28 811
29 73
29 280
29 338
29 347
29 405
29 439
29 565
29 631
29 832
29 854
29 920
30 37
30 138
30 278
30 291
30 314
30 424
31 75
31 151
31 550
31 597
32 66
32 67
32 153
32 477
32 561
33 45
33 55
33 99
33 130
33 147
33 160
33 161
33 542
33 578
33 588
33 984
34 37
34 421
34 860
34 946
35 72
35 108
35 149
35 169
35 176
35 230
35 258
35 277
35 287
35 293
35 407
35 451
35 521
35 539
35 541
35 555
35 568
35 598
35 657
35 724
35 731
35 739
35 796
35 923
35 975
35 977
36 165
36 631
37 46
37 920
38 41
38 43
38 328
38 463
38 585
38 643
38 695
38 713
38 912
39 88
39 296
39 427
39 451
39 507
39 970
40 364
40 420
40 514
41 57
41 61
41 65
41 137
41 163
41 290
41 361
41 569
41 780
41 858
42 139
42 684
42 982
43 49
43 183
43 192
43 214
43 250
43 593
44 76
44 105
44 135
44 149
44 177
44 195
44 222
44 230
44 233
44 264
44 358
44 396
44 452
44 479
44 515
45 196
45 254
45 556
45 648
46 70
46 101
46 162
46 387
46 398
46 403
46 404
46 532
46 660
46 838
47 79
47 80
47 147
47 192
47 208
47 236
47 255
47 314
47 381
47 389
47 550
47 729
47 923
48 68
48 102
48 129
48 156
48 216
48 224
48 286
48 336
48 418
48 429
48 652
48 692
48 968
48 970
49 837
49 853
50 71
50 204
50 251
50 443
50 471
50 673
50 953
51 101
51 213
51 216
51 226
51 250
51 267
51 340
51 444
51 629
51 710
51 712
51 725
52 78
52 174
52 206
52 402
52 473
52 477
52 482
52 647
52 778
52 889
52 950
53 145
53 421
53 887
53 893
53 931
54 71
54 78
54 215
54 231
54 284
54 337
54 447
54 475
54 523
54 540
54 627
54 734
54 989
55 392
56 790
56 823
57 68
57 157
57 193
57 277
57 371
58 63
58 81
58 83
58 84
58 86
58 92
58 159
58 170
58 178
58 300
58 303
58 394
58 445
58 453
58 467
58 669
58 703
58 730
59 60
59 360
59 434
60 257
60 289
60 391
60 419
60 456
60 645
60 916
60 961
60 980
61 77
61 350
61 366
61 476
61 569
61 590
61 629
61 737
61 771
61 845
61 902
62 95
62 199
62 262
63 69
63 559
63 842
64 100
64 115
64 122
64 209
64 227
64 228
64 255
64 323
64 410
64 423
64 513
64 678
64 843
64 898
65 464
65 478
65 744
65 831
65 986
66 126
66 187
66 291
66 928
67 124
67 125
67 158
67 195
67 196
67 243
67 260
67 355
67 566
68 74
68 85
68 107
68 119
68 417
68 527
68 534
69 350
69 369
69 546
69 549
69 612
69 726
69 776
70 384
70 405
70 487
70 580
70 634
71 334
71 449
71 562
71 806
72 112
72 136
73 169
73 256
73 438
73 450
73 774
74 75
74 79
74 128
74 137
74 337
74 439
74 607
74 654
74 785
74 925
75 127
75 152
75 232
75 263
75 315
75 426
75 533
75 640
75 724
75 754
75 768
75 769
75 813
75 881
75 896
77 98
77 517
78 104
78 112
78 162
78 472
78 757
79 203
79 315
79 318
79 345
79 785
81 150
81 876
83 205
84 90
84 269
84 372
84 373
84 436
84 589
84 628
84 711
84 822
85 106
85 173
85 860
85 949
86 441
86 601
86 891
87 805
88 155
88 235
88 814
89 284
90 178
90 591
91 200
91 225
91 325
91 344
91 369
91 552
91 691
91 706
91 770
91 887
93 921
94 129
94 239
95 153
95 181
95 283
95 657
96 117
96 198
96 440
96 476
96 775
96 782
97 142
97 210
97 768
97 878
97 969
98 307
99 148
99 175
99 177
99 182
99 282
99 293
100 121
100 281
100 619
100 908
100 983
101 201
101 202
102 341
102 532
103 108
103 116
103 120
103 207
103 377
103 379
103 574
103 613
103 853
103 918
103 986
104 197
104 212
105 111
105 783
105 845
105 869
107 189
107 346
107 603
107 721
109 825
109 919
110 127
110 300
110 325
110 342
110 540
110 697
110 894
110 939
111 117
111 168
111 299
111 354
111 382
111 594
111 757
111 824
112 264
112 278
112 588
112 612
112 810
112 894
112 992
113 133
113 140
113 176
113 332
113 545
113 648
115 166
115 187
115 235
115 294
115 307
115 386
115 441
116 229
116 249
116 326
116 471
116 571
116 813
116 851
117 345
117 383
118 143
118 208
119 566
120 485
120 758
121 150
121 320
121 437
121 651
121 961
122 125
123 171
123 199
123 270
123 502
123 586
123 591
123 905
124 154
124 909
125 164
127 240
127 390
127 615
130 318
130 432
131 184
131 218
132 416
133 172
133 716
135 355
136 241
136 444
136 483
136 993
137 159
137 171
137 380
137 616
137 811
138 143
138 179
138 247
138 251
138 367
138 382
138 397
138 429
138 614
138 696
140 413
140 448
141 374
141 443
141 613
141 904
142 301
142 543
142 909
143 158
143 167
143 238
143 248
143 308
143 373
143 420
143 500
143 731
144 213
144 266
144 396
144 424
144 425
144 576
144 748
145 194
145 266
145 356
145 493
145 620
145 693
145 716
145 864
145 884
145 942
146 393
147 279
147 511
147 600
148 184
148 723
149 191
149 239
149 301
149 506
150 534
150 945
150 967
151 313
151 583
151 659
153 223
153 498
154 524
154 832
155 568
155 916
156 188
156 219
156 274
156 294
157 186
157 344
157 370
157 372
157 375
157 578
157 623
157 831
158 241
158 313
158 326
158 759
159 204
159 245
159 299
159 431
159 959
159 982
160 576
160 720
161 234
161 701
162 202
162 247
162 272
162 560
163 190
163 261
163 522
163 693
163 900
163 999
164 270
164 659
165 183
165 193
165 340
165 732
165 815
165 891
165 935
166 203
166 214
166 437
167 262
168 243
168 465
168 930
169 185
169 186
169 312
169 343
169 671
169 688
170 273
170 709
170 781
170 807
170 865
171 416
173 218
173 221
173 276
173 491
173 505
173 637
173 740
173 904
173 912
174 191
174 210
174 512
174 524
174 899
175 403
175 419
175 464
176 267
176 452
176 501
176 924
177 317
177 395
177 411
177 413
177 681
177 784
177 799
177 965
178 312
178 352
178 381
180 839
181 236
181 242
181 254
181 401
181 874
182 535
182 640
183 287
183 625
183 658
183 666
183 798
184 595
184 774
185 463
187 733
188 766
188 802
188 896
190 258
190 595
191 240
191 279
191 295
191 335
191 461
191 481
191 656
191 763
191 795
191 948
192 217
192 454
193 268
193 573
193 903
193 927
194 722
195 407
196 717
197 200
197 455
197 563
197 603
197 642
197 653
197 781
197 884
197 930
200 718
200 720
200 953
201 295
201 316
201 438
201 819
203 280
203 367
203 442
204 502
204 639
204 664
205 378
205 428
205 453
205 552
206 305
206 537
206 667
206 938
207 483
207 654
208 530
211 259
211 482
211 490
212 285
212 297
212 944
213 322
213 772
214 507
216 807
216 959
216 968
217 330
217 360
217 406
217 780
218 430
218 584
220 875
222 383
222 580
223 331
223 623
224 978
225 331
227 498
227 772
227 943
228 275
228 302
228 329
228 509
228 520
228 829
228 861
230 269
231 627
231 758
232 288
232 336
232 625
232 687
233 285
233 398
233 470
235 237
235 261
235 282
235 462
235 480
235 658
235 827
236 322
236 661
238 972
239 674
239 936
240 425
240 528
240 607
240 805
241 348
241 525
241 642
243 245
243 333
243 357
243 358
243 656
244 577
246 292
246 585
246 718
247 918
248 883
249 510
249 553
249 579
249 685
250 304
250 518
250 599
251 556
253 263
253 288
253 729
253 913
254 570
256 806
256 992
258 911
259 357
259 457
259 820
259 824
261 553
261 663
261 936
262 830
263 661
264 994
265 895
266 797
267 386
267 816
268 342
268 740
269 497
271 332
271 458
271 617
272 368
272 432
272 797
272 803
272 812
272 996
273 877
273 950
275 426
276 447
276 557
277 544
277 561
278 456
278 849
279 855
280 852
281 683
281 977
282 351
282 460
282 706
282 782
282 868
283 584
283 665
283 721
283 741
283 745
283 870
284 334
284 433
284 910
285 508
285 864
286 346
286 511
286 610
286 644
286 755
288 368
288 479
288 759
288 764
288 765
288 792
289 324
289 417
290 292
290 311
290 341
290 348
290 450
290 586
290 691
290 794
291 321
291 415
291 466
291 581
292 330
293 391
293 621
295 362
296 431
296 454
296 972
298 366
298 513
298 572
298 617
298 705
298 814
298 863
298 879
299 668
300 399
300 618
301 351
301 359
304 776
305 317
305 495
305 711
305 843
307 324
307 354
307 564
307 630
308 973
309 702
310 547
310 679
312 374
313 365
313 519
314 599
315 380
315 469
315 765
316 473
318 376
318 686
318 908
319 504
319 528
321 446
322 593
324 388
324 500
324 517
324 766
326 462
326 484
326 725
326 733
326 804
326 818
326 827
326 943
329 512
329 715
330 371
330 519
330 872
332 985
336 680
337 890
338 672
338 826
338 956
338 962
339 446
339 583
341 412
341 558
341 562
343 655
345 596
345 650
345 871
347 710
347 788
350 751
350 756
350 777
352 952
353 954
354 867
354 966
355 624
356 535
356 728
356 883
358 384
359 430
359 531
359 548
359 565
359 798
359 838
359 850
361 394
362 682
363 495
363 630
364 859
365 387
365 496
365 801
365 917
366 577
367 841
371 494
371 592
373 474
373 837
374 521
375 376
376 527
379 422
379 606
379 749
380 871
380 981
382 505
382 817
386 402
386 750
387 506
387 675
387 818
388 422
388 787
389 641
389 677
390 596
390 839
391 406
391 489
391 892
391 925
394 889
394 890
398 841
398 963
399 602
400 555
400 801
403 615
403 854
406 520
408 449
409 486
409 548
409 892
411 488
414 694
414 852
414 886
414 966
415 522
415 863
416 753
418 545
422 423
423 589
423 604
423 949
426 714
426 905
426 915
427 677
427 760
428 707
428 922
431 475
431 647
431 815
432 635
432 809
433 488
433 674
433 812
434 604
434 662
434 747
434 762
434 847
435 571
435 590
435 633
435 700
435 789
435 962
437 601
439 700
441 885
443 739
443 934
445 559
446 531
446 606
446 747
447 490
447 639
447 707
447 746
448 478
449 649
450 501
452 484
452 744
453 723
453 901
453 910
455 990
456 611
456 819
458 567
459 618
459 800
460 499
461 901
462 779
465 633
466 480
466 686
467 537
472 689
472 937
473 651
473 699
473 755
473 846
473 911
476 525
476 611
477 840
478 626
478 850
479 486
480 587
481 719
482 764
483 602
486 663
487 494
489 791
490 799
490 964
492 734
497 987
498 672
498 709
498 973
502 544
502 743
508 761
509 644
511 660
514 761
514 810
514 947
517 917
519 523
520 533
526 791
527 546
528 981
530 777
530 790
531 567
532 558
533 666
536 926
540 695
544 597
544 958
545 563
545 927
548 830
549 793
550 874
551 605
551 675
552 622
552 736
552 954
553 582
554 825
555 624
556 994
559 742
559 835
562 713
563 622
563 699
564 836
564 922
565 735
566 895
570 664
570 727
572 866
574 862
575 598
575 684
575 754
576 697
578 730
581 645
581 900
583 983
589 741
590 726
596 671
598 773
601 683
603 834
604 816
604 975
605 689
605 848
605 931
606 703
608 882
608 899
608 906
609 938
609 940
610 738
610 829
611 643
611 673
611 820
612 678
613 856
613 919
615 886
616 933
620 680
620 752
622 662
626 793
628 802
629 821
630 698
632 934
634 685
637 749
637 767
637 803
641 670
642 750
644 690
648 696
648 796
648 897
650 670
654 978
655 822
656 893
659 903
660 676
660 851
660 867
664 924
666 692
666 762
666 941
671 987
675 748
677 712
677 746
677 767
677 993
686 702
686 991
687 880
687 914
688 752
689 964
691 771
692 942
696 779
702 862
707 804
708 808
709 935
710 722
711 828
712 875
712 941
721 974
737 881
741 866
746 929
753 877
757 861
758 955
759 873
768 847
774 857
778 856
783 985
785 821
786 888
790 808
804 836
806 826
806 958
807 835
817 946
828 834
830 932
831 882
837 974
838 937
842 913
842 971
843 858
848 948
849 885
870 940
883 902
887 963
894 898
902 939
902 979
908 995
908 997
914 952
925 929
941 990
944 998
946 988
972 980
990 997
