1000 2991
0 1
0 2
0 3
0 4
0 5
0 7
0 8
0 9
0 11
0 12
0 18
0 19
0 20
0 21
0 27
0 28
0 29
0 33
0 39
0 44
0 48
0 53
0 57
0 63
0 66
0 71
0 73
0 77
0 78
0 79
0 81
0 93
0 106
0 107
0 115
0 120
0 125
0 133
0 137
0 140
0 147
0 161
0 171
0 183
0 190
0 225
0 238
0 243
0 245
0 247
0 248
0 251
0 280
0 284
0 286
0 300
0 308
0 324
0 334
0 335
0 354
0 365
0 367
0 400
0 424
0 425
0 428
0 434
0 443
0 461
0 470
0 532
0 578
0 581
0 614
0 630
0 636
0 643
0 653
0 668
0 675
0 702
0 710
0 723
0 793
0 800
0 814
0 824
0 857
0 878
0 884
0 893
0 908
0 975
1 4
1 6
1 9
1 12
1 14
1 18
1 37
1 63
1 69
1 84
1 112
1 129
1 219
1 352
1 427
1 470
1 472
1 475
1 589
1 764
1 780
1 874
1 886
1 980
2 4
2 17
2 24
2 45
2 61
2 72
2 446
2 457
2 558
2 747
2 976
2 993
3 5
3 7
3 8
3 11
3 16
3 22
3 25
3 30
3 32
3 35
3 53
3 71
3 89
3 94
3 103
3 114
3 116
3 120
3 138
3 140
3 143
3 148
3 171
3 185
3 191
3 216
3 219
3 224
3 242
3 274
3 321
3 348
3 414
3 468
3 509
3 538
3 545
3 565
3 580
3 586
3 629
3 655
3 689
3 720
3 744
3 846
4 5
4 6
4 8
4 10
4 11
4 22
4 26
4 30
4 32
4 38
4 47
4 58
4 60
4 62
4 79
4 86
4 89
4 99
4 105
4 111
4 114
4 128
4 141
4 152
4 153
4 168
4 182
4 186
4 189
4 198
4 206
4 207
4 208
4 212
4 216
4 337
4 390
4 391
4 414
4 450
4 453
4 503
4 504
4 521
4 534
4 554
4 583
4 636
4 737
4 739
4 746
4 749
4 791
4 839
4 847
4 915
4 969
4 975
5 6
5 7
5 10
5 12
5 13
5 15
5 27
5 28
5 29
5 32
5 33
5 34
5 36
5 41
5 42
5 45
5 50
5 61
5 67
5 78
5 103
5 105
5 106
5 107
5 119
5 120
5 122
5 126
5 155
5 157
5 158
5 173
5 175
5 177
5 178
5 179
5 181
5 189
5 194
5 197
5 201
5 203
5 204
5 213
5 229
5 234
5 236
5 245
5 248
5 256
5 281
5 283
5 287
5 288
5 298
5 307
5 315
5 322
5 350
5 356
5 370
5 372
5 377
5 380
5 390
5 412
5 441
5 463
5 504
5 508
5 519
5 530
5 544
5 553
5 554
5 567
5 598
5 658
5 704
5 714
5 725
5 751
5 767
5 789
5 790
5 799
5 815
5 820
5 824
5 849
5 853
5 864
5 867
5 868
5 894
5 928
5 972
5 995
6 14
6 22
6 28
6 39
6 47
6 64
6 80
6 81
6 170
6 175
6 195
6 204
6 217
6 229
6 294
6 302
6 357
6 402
6 412
6 417
6 521
6 562
6 597
6 628
6 634
6 682
6 752
6 774
6 797
6 832
6 906
6 965
7 9
7 10
7 13
7 19
7 44
7 49
7 63
7 70
7 78
7 91
7 144
7 151
7 183
7 185
7 211
7 237
7 250
7 272
7 288
7 290
7 304
7 326
7 380
7 399
7 439
7 446
7 459
7 467
7 515
7 596
7 626
7 665
7 680
7 693
7 704
7 913
7 943
7 973
7 981
8 16
8 48
8 60
8 65
8 109
8 112
8 161
8 166
8 177
8 265
8 333
8 485
8 492
8 621
8 649
9 14
9 15
9 17
9 21
9 23
9 24
9 25
9 26
9 27
9 33
9 41
9 54
9 56
9 60
9 64
9 67
9 76
9 80
9 81
9 83
9 87
9 96
9 99
9 115
9 119
9 123
9 133
9 139
9 142
9 143
9 192
9 202
9 222
9 238
9 281
9 288
9 296
9 303
9 317
9 334
9 353
9 372
9 388
9 395
9 431
9 434
9 449
9 478
9 509
9 544
9 548
9 657
9 687
9 730
9 735
9 738
9 766
9 791
9 843
9 887
9 946
9 963
9 982
10 23
10 37
10 39
10 46
10 52
10 77
10 83
10 169
10 271
10 347
10 615
10 718
10 729
11 16
11 251
11 286
11 389
11 394
11 483
12 13
12 15
12 17
12 37
12 65
12 79
12 85
12 105
12 111
12 130
12 147
12 148
12 155
12 157
12 168
12 233
12 240
12 250
12 274
12 315
12 318
12 326
12 343
12 365
12 403
12 425
12 488
12 536
12 633
12 712
12 713
12 770
12 841
12 856
12 873
12 912
12 920
13 20
13 25
13 34
13 40
13 43
13 55
13 57
13 58
13 76
13 94
13 116
13 161
13 178
13 184
13 186
13 202
13 218
13 219
13 268
13 316
13 335
13 382
13 388
13 418
13 429
13 497
13 521
13 575
13 587
13 620
13 632
13 641
13 703
13 727
13 775
13 779
13 801
13 822
13 847
13 869
13 877
13 931
14 53
14 90
14 93
14 173
14 227
14 698
14 954
15 24
15 38
15 40
15 51
15 62
15 64
15 68
15 101
15 117
15 118
15 124
15 128
15 137
15 142
15 168
15 178
15 180
15 189
15 196
15 235
15 259
15 287
15 319
15 347
15 354
15 405
15 447
15 536
15 606
15 613
15 650
15 694
15 716
15 726
15 772
15 899
15 911
15 947
15 994
16 18
16 19
16 20
16 23
16 36
16 49
16 55
16 72
16 96
16 97
16 146
16 176
16 199
16 215
16 236
16 306
16 320
16 337
16 373
16 415
16 444
16 477
16 590
16 608
16 704
16 821
16 826
16 847
16 999
17 21
18 55
18 93
18 100
18 130
18 215
18 233
18 247
18 325
18 393
18 405
18 430
18 473
18 511
18 530
18 563
18 588
18 618
18 630
18 743
18 765
18 842
18 877
19 26
19 40
19 42
19 58
19 68
19 84
19 92
19 97
19 162
19 182
19 209
19 231
19 240
19 246
19 259
19 270
19 273
19 279
19 289
19 314
19 321
19 344
19 378
19 414
19 427
19 430
19 438
19 445
19 469
19 493
19 495
19 511
19 549
19 570
19 574
19 635
19 668
19 669
19 752
19 779
19 835
19 919
19 948
20 51
20 179
20 214
20 226
20 532
20 573
20 574
20 611
20 708
20 977
21 49
21 108
21 154
21 160
21 170
21 195
21 239
21 283
21 291
21 393
21 496
21 636
21 639
21 677
21 696
21 825
22 36
22 56
22 100
22 138
22 305
22 360
22 403
22 410
22 440
22 475
22 479
22 539
22 555
22 633
22 857
22 924
23 35
23 253
23 684
23 804
23 922
24 31
24 43
24 46
24 66
24 82
24 85
24 90
24 139
24 156
24 186
24 194
24 210
24 223
24 262
24 413
24 441
24 565
24 601
24 652
24 674
24 709
24 748
24 786
24 788
24 885
24 919
24 951
24 982
25 31
25 35
25 74
25 114
25 122
25 164
25 231
25 269
25 297
25 314
25 334
25 340
25 351
25 386
25 394
25 435
25 450
25 533
25 535
25 537
25 599
25 623
25 660
25 834
25 866
25 918
26 38
26 50
26 280
26 387
26 428
26 850
27 29
27 52
27 62
27 67
27 70
27 87
27 92
27 184
27 217
27 230
27 243
27 305
27 309
27 401
27 404
27 409
27 435
27 572
27 622
27 640
27 757
27 763
27 766
27 781
27 803
27 807
27 840
27 860
27 921
27 977
28 59
28 90
28 234
28 258
28 272
28 308
28 330
28 346
28 392
28 452
28 479
28 530
28 744
29 30
29 232
29 263
29 429
29 485
29 563
29 600
29 634
29 664
29 694
29 760
29 800
30 31
30 34
30 101
30 181
30 228
30 268
30 270
30 619
30 720
30 740
30 816
30 819
30 837
30 871
31 102
31 104
31 165
31 338
31 642
31 808
32 43
32 82
32 98
32 131
32 138
32 140
32 144
32 158
32 205
32 230
32 235
32 249
32 289
32 406
32 496
32 543
32 622
32 673
32 698
32 721
32 733
32 810
32 949
32 978
33 41
33 85
33 86
33 134
33 149
33 176
33 239
33 278
33 305
33 623
33 784
33 937
34 75
34 92
34 121
34 244
34 293
34 319
34 396
34 404
34 539
34 724
34 876
34 974
35 48
35 72
35 74
35 190
35 266
35 271
35 323
35 385
35 877
36 54
36 66
36 101
36 121
36 165
36 214
36 455
36 508
36 557
36 951
37 47
37 54
37 57
37 73
37 76
37 135
37 153
37 221
37 309
37 368
37 378
37 474
37 527
37 559
37 733
37 985
37 996
38 46
38 50
38 87
38 99
38 106
38 123
38 141
38 150
38 180
38 228
38 352
38 355
38 362
38 367
38 387
38 660
38 852
38 860
39 42
39 44
39 51
39 75
39 118
39 291
39 358
39 472
39 643
39 779
39 898
39 917
40 145
40 159
40 459
40 474
40 504
41 75
41 125
41 514
41 605
42 59
42 260
42 373
42 379
43 52
43 89
43 228
43 255
43 411
43 675
43 726
43 809
44 45
44 56
44 95
44 128
44 166
44 200
44 218
44 302
44 369
44 371
44 410
44 562
44 574
44 663
44 785
44 790
44 930
45 221
45 413
45 442
45 585
45 901
45 996
46 95
46 136
46 206
46 327
46 332
46 349
46 643
46 797
46 843
46 979
47 65
47 91
47 359
48 150
48 220
48 290
48 671
48 742
49 856
50 69
50 73
50 136
50 258
50 641
50 648
50 758
50 769
50 826
51 59
51 77
51 84
51 97
51 112
51 129
51 174
51 188
51 191
51 203
51 208
51 266
51 303
51 364
51 395
51 396
51 415
51 425
51 426
51 476
51 564
51 570
51 612
51 677
51 736
51 763
51 767
51 858
51 903
52 83
52 162
52 187
52 342
52 372
52 576
52 595
52 678
52 811
53 70
53 82
53 173
53 278
53 312
53 399
53 484
53 674
53 893
54 86
54 235
54 264
54 402
54 601
54 817
55 74
55 468
56 126
56 333
56 479
57 754
57 859
57 890
58 109
58 275
58 276
59 61
59 69
59 88
59 98
59 108
59 118
59 122
59 123
59 131
59 149
59 187
59 200
59 216
59 252
59 284
59 293
59 331
59 391
59 424
59 432
59 460
59 490
59 505
59 560
59 566
59 818
59 826
59 905
59 906
59 929
59 979
60 104
60 730
60 932
61 162
61 211
61 282
61 408
61 592
61 728
62 80
62 103
62 207
62 313
62 454
62 457
62 484
62 700
63 193
63 221
63 249
63 296
63 299
63 341
63 346
63 353
63 511
63 735
63 897
64 68
64 124
64 146
64 148
64 167
64 177
64 179
64 193
64 210
64 270
64 277
64 325
64 533
64 933
65 94
65 100
65 241
65 258
65 324
65 494
65 502
65 575
65 733
65 789
65 805
65 874
65 956
66 117
66 132
66 134
66 142
66 154
66 201
66 206
66 311
66 506
66 603
66 719
66 830
66 942
67 141
67 363
67 420
67 587
67 605
67 618
67 627
67 676
67 753
67 945
68 196
68 244
69 408
69 454
69 524
69 565
69 735
69 784
69 836
70 71
70 202
70 208
70 295
70 364
70 374
70 506
70 897
71 884
72 98
72 108
72 110
72 166
72 174
72 213
72 220
72 271
72 274
72 315
72 355
72 356
72 447
72 458
72 480
72 525
72 576
72 702
72 741
72 755
72 778
72 792
72 806
73 95
73 151
73 261
73 343
73 397
73 525
73 846
73 972
74 136
74 155
74 262
74 593
74 727
74 852
75 257
75 265
75 332
75 816
75 863
75 892
75 946
76 261
76 300
76 471
76 778
76 834
76 848
76 939
77 88
77 126
77 245
77 407
77 490
77 540
77 593
77 657
77 795
77 812
78 113
78 257
78 337
78 409
78 424
78 645
78 699
78 964
79 88
79 91
79 107
79 115
79 125
79 127
79 167
79 225
79 226
79 242
79 588
79 627
79 639
79 732
79 862
79 866
79 875
80 193
80 251
80 326
80 498
80 581
80 872
81 129
81 130
81 144
81 152
81 181
81 223
81 275
81 311
81 465
81 507
81 599
82 237
82 399
83 190
83 254
83 489
83 557
83 589
83 593
83 594
83 661
83 736
83 751
83 989
84 156
84 188
84 542
84 915
85 301
85 431
85 489
85 609
85 642
85 734
85 791
86 113
86 124
86 153
86 159
86 439
86 522
86 652
86 825
86 878
87 207
87 293
87 498
87 685
87 778
87 885
88 96
88 198
89 109
89 121
89 150
89 152
89 267
89 312
89 356
89 482
89 501
89 510
89 580
89 695
90 201
90 222
90 317
90 552
90 582
90 591
90 661
90 663
90 804
91 104
91 110
91 154
91 210
91 212
91 229
91 268
91 357
91 366
91 382
91 464
91 489
91 505
91 529
91 621
91 654
91 690
91 701
91 742
91 931
91 971
91 992
92 203
92 273
92 310
92 320
92 412
92 480
92 561
92 624
92 653
92 966
93 165
93 232
93 354
93 447
93 516
93 584
93 812
94 133
94 147
94 253
94 264
94 275
94 286
94 306
94 363
94 409
94 467
94 494
94 518
94 527
94 571
94 678
94 850
94 868
94 919
94 990
95 110
95 127
95 145
95 160
95 233
95 253
95 263
95 292
95 294
95 295
95 319
95 375
95 476
95 496
95 512
95 586
95 723
95 732
95 833
95 839
95 892
95 935
96 256
97 102
97 415
98 353
98 594
99 102
99 111
99 127
99 149
99 323
99 457
99 599
100 244
100 277
100 788
100 897
101 156
101 260
101 502
101 655
101 984
102 614
102 680
102 699
102 786
103 205
103 214
103 481
103 641
103 992
104 384
104 628
104 637
105 116
105 584
105 757
105 817
106 131
106 230
106 422
106 451
106 607
106 770
107 113
107 232
107 237
107 352
107 497
107 644
107 724
108 195
108 295
108 365
108 400
108 478
108 684
108 697
108 793
109 240
109 297
109 395
109 423
109 672
109 716
109 718
109 777
109 870
109 937
109 970
110 349
110 451
110 570
110 660
110 678
110 686
110 858
110 902
110 997
111 197
111 227
111 246
111 267
111 299
111 331
111 481
111 710
111 726
111 908
112 325
112 452
113 132
113 224
113 322
114 117
114 119
114 184
114 339
114 436
114 546
114 610
114 679
114 895
115 139
115 469
115 539
116 134
116 164
116 269
116 307
116 533
116 644
116 922
117 143
117 159
117 254
117 373
117 444
117 492
117 592
117 756
117 861
117 879
117 901
117 964
118 132
118 347
119 703
120 135
121 151
121 157
121 163
121 187
121 215
121 217
121 249
121 273
121 604
121 606
121 662
121 829
122 231
122 449
122 800
122 948
123 291
123 410
123 442
123 465
123 723
123 761
124 321
124 391
124 566
124 679
124 749
125 137
125 160
125 443
125 482
125 617
125 917
127 327
127 383
127 408
127 431
127 788
127 916
128 537
128 731
128 900
129 145
129 242
129 262
129 322
129 398
129 448
129 460
129 499
129 529
129 556
129 639
129 796
129 844
129 868
129 875
129 921
129 934
129 991
130 135
130 287
130 531
130 553
131 370
131 625
134 419
134 459
134 737
135 557
135 591
135 863
136 146
136 164
136 209
136 401
136 426
136 466
136 477
136 510
136 556
136 635
136 714
137 174
137 222
137 421
138 236
138 260
138 654
138 873
139 194
139 397
139 471
139 558
139 777
140 246
140 615
140 807
141 211
141 261
141 613
142 167
142 341
142 551
142 810
144 158
144 191
144 383
144 466
144 467
144 520
145 205
145 227
145 317
145 357
145 358
145 369
145 404
145 441
145 656
145 702
145 851
145 905
146 438
146 507
146 828
146 830
146 962
146 972
147 163
147 172
147 299
147 318
147 595
147 613
147 648
147 747
147 902
147 942
148 188
148 292
148 297
148 490
149 163
149 170
149 172
149 180
149 199
149 351
149 579
149 602
149 831
151 175
151 200
151 256
151 462
151 512
151 535
151 560
151 640
151 688
151 865
151 902
151 975
153 209
153 285
153 348
153 416
153 510
153 523
153 603
153 773
153 912
154 169
154 192
154 616
154 676
154 818
154 910
155 265
155 904
156 182
156 266
156 691
157 865
157 958
158 396
158 776
159 169
159 250
159 578
159 684
159 936
160 220
160 392
160 583
160 609
160 761
160 820
160 849
160 863
161 309
161 336
161 405
161 432
161 553
161 572
161 725
161 731
161 822
161 990
162 241
162 435
162 499
162 732
162 743
162 750
162 883
163 204
163 255
163 870
164 279
165 171
165 199
165 226
165 301
165 302
165 470
165 787
165 825
167 336
167 486
167 538
167 638
168 340
168 455
168 651
168 681
168 696
168 720
168 748
168 853
168 981
169 290
169 328
169 483
169 564
169 787
169 996
170 172
170 192
170 255
170 360
170 848
170 980
171 300
171 464
171 752
172 350
173 176
173 267
173 445
173 555
173 568
173 851
173 903
173 948
173 951
174 212
174 252
174 375
175 183
175 185
175 234
175 392
175 433
175 528
175 548
175 683
175 813
175 821
175 839
175 993
176 223
176 318
176 339
176 407
176 569
177 198
177 213
177 238
177 279
177 548
177 739
177 884
178 754
179 380
179 402
180 269
181 196
181 218
181 252
181 547
181 564
181 701
181 815
182 335
182 823
182 845
183 492
183 513
183 568
183 801
183 923
184 659
185 197
185 243
185 344
185 503
185 683
185 925
185 965
185 998
186 224
186 381
186 476
186 616
187 296
187 418
187 659
187 887
188 254
188 406
188 436
188 437
188 609
188 699
189 526
190 284
191 587
191 803
192 673
193 976
194 438
195 708
196 706
196 770
197 327
197 367
197 370
198 314
199 417
200 411
200 775
200 957
201 517
201 596
201 624
201 667
202 453
202 891
203 390
203 429
203 453
203 627
204 257
204 350
204 829
205 338
205 398
205 500
205 867
206 480
206 659
207 285
207 520
207 867
208 225
208 398
209 456
209 584
209 667
209 832
209 883
209 974
211 336
211 375
211 423
213 241
213 466
214 272
214 281
214 316
214 765
214 782
215 310
215 440
215 638
215 677
215 755
215 794
215 971
216 458
216 780
217 619
218 773
218 953
218 992
219 430
219 567
219 783
220 239
220 294
220 333
220 369
220 814
221 437
221 512
221 528
222 247
222 259
222 276
222 324
222 329
222 342
222 351
222 663
223 264
223 468
223 551
223 575
223 646
223 692
223 696
223 844
224 298
224 316
224 371
224 420
224 446
224 534
224 583
224 724
224 861
224 882
224 932
224 947
224 950
225 360
225 651
225 695
225 859
226 486
227 766
227 820
228 442
228 503
228 517
228 549
228 730
228 743
228 753
228 818
228 922
228 997
229 983
230 547
230 991
231 328
231 338
231 419
231 559
231 687
231 693
231 755
231 854
233 278
233 742
233 793
233 802
233 994
234 502
236 263
236 306
236 308
236 388
236 519
236 555
236 568
236 598
236 657
236 728
237 282
237 331
237 515
237 577
237 729
237 737
237 808
237 872
237 901
238 506
238 522
238 590
238 804
238 925
239 622
239 837
240 658
240 844
240 981
241 248
241 304
241 310
241 340
241 649
241 668
241 989
242 413
242 631
242 650
243 361
243 525
243 577
243 601
243 988
244 346
244 366
244 433
244 697
244 881
244 886
246 329
246 379
246 495
246 842
247 311
248 806
249 498
250 464
250 495
250 722
251 488
251 497
251 683
251 739
252 304
252 339
252 358
252 875
253 359
253 600
254 341
255 283
255 349
255 581
255 605
255 761
258 420
258 781
260 292
260 307
260 691
262 313
262 531
262 569
262 597
262 819
262 876
263 881
264 461
264 573
265 280
265 282
265 361
265 387
265 798
266 312
266 681
267 330
267 499
267 615
267 713
267 894
268 393
268 645
268 801
268 817
268 830
268 853
269 422
269 426
269 460
270 276
270 285
270 301
270 397
270 516
270 552
271 671
271 895
272 454
272 542
272 686
272 790
274 277
274 385
274 534
274 669
274 740
274 763
274 795
274 905
275 381
276 377
276 378
276 883
277 289
278 313
278 792
279 509
280 345
281 848
282 422
282 736
282 984
283 364
283 366
283 368
283 389
283 462
283 562
283 665
285 488
285 517
285 550
285 842
285 938
286 345
286 474
286 598
288 303
288 542
288 701
288 772
288 934
288 988
289 345
289 789
289 926
289 927
290 376
290 445
290 526
290 561
290 748
290 811
291 298
291 544
291 545
291 873
291 876
291 933
292 745
292 840
293 374
293 473
293 632
293 917
294 669
296 362
296 478
296 481
296 586
296 670
296 710
296 889
296 904
296 967
297 522
297 689
299 831
299 893
299 947
299 966
300 385
300 633
300 985
302 978
303 519
303 776
304 344
304 423
304 439
304 881
304 920
306 523
306 541
306 648
306 708
307 330
307 384
307 407
307 912
307 960
308 328
308 332
308 434
308 471
308 882
308 995
308 998
309 582
309 680
309 794
309 796
310 554
311 527
311 626
311 890
312 376
312 432
312 623
312 768
313 323
313 382
313 550
314 320
314 363
314 381
314 540
314 646
314 967
315 411
316 765
318 455
318 614
318 813
320 493
321 419
321 514
321 528
321 531
321 700
321 786
321 880
321 920
321 960
322 629
324 384
324 501
324 563
324 590
324 625
324 772
324 941
324 968
325 329
325 342
326 355
326 361
326 493
326 762
326 787
327 662
327 812
328 343
328 484
328 666
328 827
328 956
328 976
329 374
329 722
329 811
329 909
329 958
330 485
330 491
330 561
330 600
330 843
331 559
331 629
332 428
332 712
333 505
333 767
333 768
333 785
334 386
334 450
334 717
336 907
337 619
338 477
338 540
338 634
338 654
338 759
338 911
339 705
339 771
339 833
341 371
341 515
341 714
341 910
342 809
342 845
342 926
343 389
343 709
343 808
343 861
343 986
344 483
344 857
345 348
345 436
345 935
345 945
346 491
346 500
346 507
346 606
346 729
346 741
346 753
346 760
346 907
348 841
349 551
349 890
350 359
350 543
350 993
351 618
351 651
351 997
352 427
353 462
353 799
353 929
353 955
354 461
356 667
356 926
357 406
357 518
357 662
357 869
357 909
358 444
358 463
358 529
358 578
358 665
358 989
359 379
359 401
359 764
360 448
360 546
360 652
360 711
360 936
361 362
361 386
361 440
361 452
361 472
361 482
361 717
361 849
361 854
361 911
362 421
362 596
362 607
362 828
362 931
363 368
363 494
363 602
363 744
363 764
363 880
364 376
364 582
364 774
365 556
367 706
367 719
368 465
368 571
369 692
370 524
370 664
374 377
374 383
374 580
374 955
375 871
377 487
378 746
379 403
380 418
380 585
380 807
380 918
382 400
382 416
382 500
382 715
382 758
382 959
383 437
383 828
384 456
384 721
384 940
385 569
385 802
386 394
386 632
386 640
386 738
386 805
389 508
389 898
389 970
391 449
392 670
394 417
394 421
394 433
394 835
394 858
395 738
396 676
396 887
397 782
398 547
398 642
398 774
400 796
402 416
403 487
403 741
405 647
408 532
408 628
409 845
412 516
414 443
414 448
414 463
414 526
414 624
414 631
414 681
414 756
414 822
414 850
417 585
417 969
419 558
419 604
419 612
419 707
419 746
419 888
419 987
421 769
421 991
422 927
424 671
425 518
427 523
427 573
427 872
427 900
428 546
428 566
428 961
430 740
432 588
432 958
433 541
434 451
434 501
439 675
439 794
439 953
440 456
442 458
443 567
443 653
444 486
444 698
444 916
445 703
446 475
446 538
446 597
446 865
447 473
448 959
449 630
449 745
449 928
450 541
450 611
450 705
451 524
451 775
452 514
453 650
453 694
453 924
455 487
455 757
456 687
456 904
457 859
460 552
460 833
461 616
462 592
462 982
463 469
463 647
465 713
466 686
467 607
468 673
468 685
469 491
470 722
474 768
476 685
477 612
478 689
478 896
479 827
479 885
479 987
480 754
481 545
481 656
482 576
482 711
483 537
483 860
484 637
484 803
491 666
493 571
493 579
493 589
495 536
495 658
497 682
497 841
498 649
500 513
500 700
500 879
501 994
502 520
504 783
504 829
505 797
505 798
506 543
506 550
506 603
506 610
506 635
506 834
506 979
510 513
510 896
511 918
511 923
512 773
513 577
513 656
513 771
513 802
513 898
514 718
514 745
514 846
514 892
516 625
517 891
517 952
520 535
520 896
524 549
525 980
526 637
526 747
526 939
531 617
531 832
532 693
534 604
534 987
535 595
537 631
537 856
537 908
537 936
538 621
538 709
538 889
542 734
542 769
542 798
544 762
544 816
544 889
546 626
548 560
548 674
548 906
549 837
549 973
550 572
550 620
550 690
550 728
550 969
551 711
552 602
552 805
554 895
555 608
555 672
556 799
557 617
558 983
559 591
559 750
560 692
561 690
562 771
562 823
562 924
563 594
563 620
563 871
563 963
564 638
568 608
568 688
568 691
568 815
570 695
571 750
571 938
573 579
577 611
581 888
585 679
585 697
588 647
589 927
591 645
591 961
593 715
594 610
595 944
597 716
597 783
597 964
601 880
602 953
603 670
605 762
607 984
608 664
608 925
612 666
615 644
615 646
615 727
615 838
619 751
621 719
621 941
623 795
624 688
624 862
627 661
627 866
627 935
631 900
632 672
632 734
634 749
634 962
635 776
635 809
635 869
637 712
638 717
639 974
641 777
642 941
643 721
645 655
645 977
646 759
647 705
649 910
649 999
656 792
657 682
657 870
657 986
658 954
659 930
659 950
662 781
662 916
662 921
671 930
672 851
672 874
674 813
675 855
675 886
679 855
680 707
680 899
680 998
682 954
684 715
686 836
688 707
688 725
691 731
695 957
696 806
700 943
703 831
703 835
703 932
705 706
707 942
709 838
710 785
713 823
715 967
716 814
716 945
717 914
720 756
721 759
721 836
729 862
732 952
732 965
733 950
734 810
734 914
734 986
736 878
738 855
740 840
743 939
743 970
749 929
752 760
754 864
755 758
758 780
758 782
758 949
759 915
764 988
767 854
767 944
771 888
773 913
775 824
775 907
775 937
778 983
779 864
779 913
781 784
782 914
788 909
788 928
792 821
794 903
795 827
797 879
797 962
800 955
807 946
808 852
812 978
813 985
818 819
822 949
829 940
833 838
835 999
836 938
837 943
837 961
839 882
841 971
852 990
854 963
856 968
857 957
858 923
858 933
863 891
863 959
865 899
871 952
874 894
874 934
901 968
906 995
911 966
913 956
930 940
940 944
947 973
956 960
