1000 2991
0 42
0 67
0 362
0 416
0 587
0 918
0 920
0 947
0 971
0 982
1 139
1 283
1 328
1 491
1 818
2 158
2 505
2 517
2 716
3 179
3 251
3 417
3 622
3 650
3 661
3 947
4 171
4 288
4 436
4 550
4 652
4 807
4 861
5 167
5 172
5 297
5 888
6 28
6 120
7 86
7 433
7 948
8 315
8 334
8 587
8 615
8 860
8 966
8 974
8 992
9 195
9 375
9 578
9 660
9 667
10 136
10 249
10 463
10 469
10 492
10 618
11 318
11 505
11 536
11 840
11 932
12 254
12 270
12 475
12 677
13 71
13 73
13 356
13 398
13 518
13 853
13 866
14 441
14 495
14 544
14 714
14 736
15 135
15 440
15 901
16 17
16 18
16 606
16 683
16 755
16 764
16 982
16 993
17 283
17 320
17 420
17 990
18 95
18 163
18 415
18 539
18 588
18 682
18 864
18 983
19 48
19 51
19 297
19 465
19 509
19 721
19 857
20 194
20 319
20 889
21 123
21 434
21 639
22 64
22 259
22 751
22 954
23 50
23 69
23 282
23 360
23 500
23 706
23 714
23 774
24 282
24 513
24 740
24 748
24 946
25 51
25 108
25 112
25 147
25 337
25 417
25 439
25 558
25 929
26 51
26 573
26 626
26 928
27 453
27 542
27 811
27 865
28 61
28 147
28 148
28 301
28 391
28 395
28 436
28 661
28 876
28 971
29 58
29 266
29 647
29 664
29 776
29 814
29 883
29 894
30 139
30 202
30 403
30 443
30 643
30 846
31 252
31 368
31 857
32 122
32 160
32 238
32 287
32 450
32 491
32 561
32 587
32 654
32 732
32 925
32 980
33 184
33 187
33 234
33 284
33 421
33 659
33 677
33 938
34 75
34 157
34 372
34 459
34 525
34 636
34 669
34 703
34 846
34 877
34 971
35 208
35 410
35 549
35 618
35 781
35 824
35 868
36 279
36 442
36 459
36 736
36 739
36 751
36 859
36 929
36 953
36 992
37 272
37 622
37 728
37 868
38 41
38 199
38 246
38 282
38 646
38 840
38 905
39 180
39 191
39 324
39 358
39 453
39 575
39 829
40 56
40 172
40 196
40 289
40 426
40 636
40 885
41 252
41 958
42 199
42 557
42 899
42 902
43 56
43 73
43 144
43 481
43 633
43 661
44 224
44 233
44 272
44 274
44 409
44 482
44 592
44 614
44 671
44 830
45 610
45 682
45 841
46 258
46 329
46 435
46 469
46 472
46 480
46 574
46 723
47 172
47 191
47 635
47 822
48 412
48 439
48 679
49 135
49 163
49 212
49 218
49 221
49 251
49 537
49 561
49 684
49 799
49 891
49 903
50 71
50 760
50 831
50 840
50 871
50 929
50 938
51 329
51 743
52 220
52 686
52 707
53 174
53 427
53 589
53 605
53 753
53 825
53 872
54 490
54 575
54 593
54 689
54 889
55 130
55 451
55 581
55 782
56 213
56 264
56 338
56 402
56 615
56 669
56 719
56 732
56 844
56 959
57 213
57 316
57 432
57 436
57 823
57 866
57 902
58 372
58 451
58 521
58 530
58 753
58 787
59 118
59 270
59 692
59 713
59 840
60 142
60 236
60 702
60 791
61 233
61 699
61 889
62 75
62 255
62 296
62 336
62 396
62 656
63 158
63 200
63 309
63 333
63 408
63 700
63 756
63 762
63 887
63 891
64 603
64 723
64 746
64 979
65 213
65 532
65 935
65 971
66 158
66 929
66 986
67 955
68 437
68 513
68 623
68 811
69 574
69 583
69 822
69 904
70 130
70 134
70 264
70 306
70 363
70 884
71 117
71 317
71 515
71 721
71 838
71 887
71 888
71 925
72 190
72 494
72 818
73 181
73 595
73 995
74 452
74 630
74 637
74 744
74 838
74 983
74 992
75 236
75 411
75 490
75 597
75 822
76 180
76 229
76 252
76 548
76 824
76 912
77 211
77 581
77 859
78 206
78 315
78 357
78 469
78 910
78 983
79 180
79 379
79 554
79 725
79 840
79 906
80 121
80 228
80 413
80 639
81 145
81 315
81 347
81 546
81 578
81 682
81 791
81 829
81 842
81 854
81 979
82 523
82 576
83 631
83 704
83 994
84 147
84 355
84 690
84 809
84 830
85 302
85 413
85 498
86 644
86 706
86 786
87 106
87 135
87 165
87 278
87 305
87 708
87 714
88 91
88 460
88 490
88 589
88 646
88 897
88 998
89 97
89 212
89 357
89 375
89 471
89 500
89 644
89 671
89 730
89 777
89 853
90 109
90 911
91 236
91 532
91 702
92 169
92 229
92 243
92 318
92 341
92 459
92 811
93 119
93 369
93 462
93 532
93 653
93 764
93 840
93 878
94 156
94 239
94 265
94 287
94 309
94 337
94 518
94 601
94 639
94 665
95 232
95 293
95 486
95 594
95 829
95 984
96 151
96 958
97 110
97 226
97 430
97 441
97 485
97 656
97 887
97 919
98 104
98 154
98 214
98 406
98 484
98 498
98 678
98 797
99 402
99 445
99 455
99 583
99 658
99 813
100 278
100 309
100 348
100 660
100 711
100 898
100 968
101 528
101 531
101 572
101 597
101 627
102 344
102 442
102 561
102 917
103 175
103 202
103 677
103 714
103 744
103 897
104 112
104 113
104 406
104 640
104 645
104 741
105 673
105 971
106 125
106 243
106 287
106 318
106 432
106 604
106 637
106 883
107 230
107 638
108 175
108 307
108 680
108 932
109 152
109 527
109 883
110 309
110 544
110 642
110 673
110 687
111 124
111 232
111 277
111 451
111 502
111 729
111 825
111 934
111 957
112 246
112 389
112 508
112 922
112 933
113 233
113 351
113 383
113 385
113 428
113 587
113 594
113 739
113 919
114 450
115 168
115 170
115 223
115 395
115 425
115 571
115 782
115 994
116 251
116 252
116 570
117 144
117 367
117 551
117 577
117 608
117 948
117 959
118 421
118 551
118 669
118 755
118 871
118 888
118 922
118 946
118 980
119 460
119 475
119 776
120 124
120 125
120 215
120 599
120 652
120 826
120 907
121 517
121 714
122 495
122 523
122 602
123 613
124 148
124 456
124 606
124 736
125 183
125 297
126 423
126 574
126 667
126 669
126 770
126 810
126 864
127 230
127 287
127 525
127 556
127 564
127 730
127 783
127 886
127 937
128 172
128 303
128 424
128 447
128 709
128 781
128 812
128 829
128 938
129 667
130 269
130 328
130 428
130 859
130 883
130 914
131 142
131 151
131 295
131 519
131 689
131 931
132 308
132 532
132 590
132 666
132 776
132 782
132 789
133 216
133 701
134 218
134 300
134 879
135 225
135 268
135 558
135 666
135 727
136 332
136 468
136 507
136 659
136 702
136 799
137 408
137 547
137 655
137 797
137 857
137 939
138 361
138 485
138 696
138 853
138 987
139 247
139 304
139 347
139 488
139 598
139 636
139 745
139 791
140 233
140 236
140 522
140 739
140 776
140 915
140 963
141 314
141 389
141 482
141 502
141 590
141 627
142 412
142 530
142 801
142 852
143 286
143 355
143 538
143 683
143 809
144 360
144 458
144 537
144 661
144 756
145 725
145 779
145 785
145 814
146 174
146 225
146 398
146 464
146 479
146 648
147 312
147 520
147 563
147 905
147 971
148 163
148 989
149 294
149 362
149 430
149 499
149 681
150 237
150 240
150 309
150 511
150 608
150 969
150 972
151 344
151 514
151 531
151 559
151 885
151 992
152 382
152 637
152 775
152 889
153 403
153 581
153 709
153 770
153 839
154 231
154 243
154 404
154 600
154 662
154 768
155 568
155 982
156 292
156 431
156 457
156 647
156 683
156 955
157 159
157 216
157 257
157 381
157 595
157 603
157 889
158 324
158 666
158 844
159 231
159 376
159 533
159 547
159 557
159 562
159 972
159 992
160 440
160 538
160 543
160 685
160 928
161 193
161 231
161 251
161 399
161 476
161 484
161 761
162 173
162 257
162 284
162 410
162 414
162 566
162 746
162 846
162 899
162 910
163 533
163 540
163 548
163 763
163 978
164 215
164 805
164 998
165 227
165 278
165 697
165 895
165 935
165 974
166 171
166 186
166 502
167 275
167 328
167 451
167 621
167 976
167 985
167 987
168 588
168 704
168 919
169 232
169 417
169 647
169 844
169 957
170 690
170 874
170 963
171 451
171 505
171 814
171 958
172 202
172 223
172 234
172 924
173 200
173 288
173 610
173 721
173 768
173 861
173 942
173 994
174 240
174 733
174 919
175 177
175 193
175 286
176 351
176 366
176 484
176 573
176 684
176 685
176 738
176 880
176 971
177 247
177 356
177 538
177 837
177 839
177 913
178 229
178 275
178 867
179 371
179 382
179 675
179 794
179 883
180 281
181 199
181 219
181 586
181 791
181 975
182 307
182 489
182 619
182 946
183 312
183 573
183 628
183 815
183 901
184 355
184 388
184 748
184 758
184 918
185 336
185 554
185 567
185 596
185 630
185 741
185 888
186 316
186 325
186 452
186 516
186 569
186 618
186 657
187 207
187 367
187 573
187 621
187 624
187 793
188 407
188 473
188 574
188 955
188 961
189 276
189 321
189 336
189 342
189 647
189 852
189 940
190 204
190 351
190 443
190 816
190 997
191 461
191 872
191 929
192 306
192 352
192 689
192 866
193 212
193 225
193 857
193 879
193 957
194 574
194 802
194 813
194 983
195 337
195 672
195 710
196 326
196 724
197 203
197 376
197 397
197 401
197 625
197 723
197 995
198 244
198 601
198 750
198 803
199 292
199 493
199 505
199 559
199 673
199 781
200 352
200 579
200 736
201 348
201 589
201 901
201 906
202 363
202 591
202 861
202 885
202 891
203 229
203 324
203 387
203 388
203 509
203 522
203 582
203 635
203 719
204 396
204 635
204 683
204 790
204 801
204 820
204 827
204 900
205 372
205 429
205 575
205 610
206 233
206 498
206 654
206 976
207 428
207 453
207 507
207 945
208 362
208 428
208 686
208 756
208 835
209 422
209 933
209 942
210 250
211 486
211 646
211 696
211 702
212 561
212 578
212 802
212 954
213 416
213 585
213 698
214 473
214 824
214 856
215 228
215 281
215 386
215 392
215 493
215 836
215 896
216 468
216 814
216 838
216 911
216 962
216 978
217 247
217 509
217 747
218 383
218 618
218 634
218 680
218 917
219 296
219 435
219 489
219 526
219 652
219 868
220 445
220 475
220 517
220 587
220 665
220 714
220 738
220 742
220 926
221 257
221 270
221 370
221 401
221 525
221 830
222 511
222 605
222 669
222 722
222 902
223 476
223 478
223 929
224 242
224 388
224 430
224 509
224 651
224 654
224 747
224 897
224 965
225 770
225 816
225 935
226 265
226 611
226 831
226 914
227 358
227 500
227 539
227 664
227 710
227 758
227 845
227 858
228 322
228 802
229 233
229 283
229 474
229 551
229 861
230 407
230 414
230 475
230 607
230 618
230 622
230 719
230 796
230 829
231 299
231 332
231 682
231 726
231 966
232 812
232 819
233 530
233 735
233 747
233 839
234 962
235 289
235 528
235 755
235 765
235 786
235 833
236 457
236 502
236 561
236 623
236 779
236 852
237 618
237 642
237 822
237 997
238 246
238 271
238 426
238 486
238 488
238 576
238 675
239 290
239 398
239 450
239 797
239 799
239 831
240 401
240 413
240 652
240 757
241 492
241 668
241 751
241 873
242 324
242 401
242 402
242 591
242 662
242 819
243 441
243 501
243 865
244 447
244 489
244 771
244 779
245 267
245 294
245 448
245 729
245 788
246 339
246 344
246 996
247 608
247 649
247 960
248 426
248 504
248 556
248 674
249 276
249 611
249 659
249 864
251 360
251 725
251 749
251 816
251 988
252 302
252 379
252 444
252 595
252 957
253 287
253 476
254 545
254 657
254 756
254 767
254 899
255 434
255 534
255 585
255 733
256 280
256 290
256 390
256 840
256 940
257 294
257 486
257 609
257 869
257 986
257 993
258 684
259 292
259 444
259 550
259 804
259 866
259 958
259 961
260 774
260 853
261 424
261 470
261 541
261 986
262 263
262 466
263 558
263 861
263 864
263 964
264 611
264 635
264 943
265 289
265 710
265 734
265 799
265 866
265 907
265 940
266 319
266 432
266 592
266 829
266 925
267 503
267 527
267 630
267 720
267 738
267 943
268 314
268 549
269 340
269 413
269 489
269 529
269 570
269 587
269 735
269 750
269 790
270 373
270 526
270 563
270 695
270 807
270 917
271 653
271 679
271 861
271 922
272 318
272 355
272 550
272 587
272 642
272 670
272 893
272 954
273 294
273 544
273 564
273 629
273 704
273 783
273 804
273 980
274 280
274 429
274 549
275 327
275 631
275 636
275 831
275 910
276 907
276 929
277 435
277 663
277 916
278 447
278 547
278 594
278 783
279 397
279 554
279 969
281 315
281 317
281 324
281 693
281 749
281 790
281 850
281 867
281 885
281 957
282 433
282 787
282 865
283 689
283 747
283 979
284 393
284 576
285 288
285 328
285 408
285 936
285 970
286 439
286 485
286 594
286 682
286 687
286 844
287 376
287 413
287 459
288 575
288 586
288 854
288 982
289 418
289 467
289 519
289 561
289 898
289 903
289 973
290 582
290 802
290 809
290 918
290 926
291 367
291 500
291 632
291 741
291 897
291 977
292 378
292 440
292 585
292 603
292 774
292 821
292 929
293 345
293 370
293 438
293 782
293 799
294 423
294 520
294 528
294 651
294 667
294 707
294 843
295 821
295 844
296 432
296 678
297 532
297 554
298 299
298 321
298 452
298 518
298 531
298 537
298 682
298 979
299 443
299 724
299 920
299 952
299 958
300 317
300 519
300 533
300 611
300 805
300 864
300 919
301 373
301 528
301 626
301 858
301 882
302 798
303 433
303 639
304 780
305 409
305 421
305 430
305 553
305 655
305 656
305 798
306 832
307 311
307 379
307 524
307 537
307 612
308 384
308 610
308 635
308 709
309 372
309 562
309 617
309 663
310 334
310 506
310 536
310 554
310 644
310 695
310 968
311 391
311 400
311 661
311 940
312 617
312 833
313 767
313 938
314 374
314 625
314 698
314 699
314 768
315 831
316 439
316 573
316 700
316 768
316 807
316 956
317 551
317 662
317 911
318 414
318 630
318 632
318 699
318 708
319 344
319 627
319 945
319 969
320 426
320 542
322 372
322 545
322 548
322 703
322 765
322 791
322 839
322 872
322 884
322 930
322 982
322 998
323 445
323 502
323 580
324 460
324 921
325 475
325 557
325 568
325 778
325 906
325 972
326 593
327 376
327 414
327 416
327 568
327 576
328 371
328 563
328 570
328 583
328 845
329 457
329 681
329 747
329 826
329 861
330 483
330 634
330 962
331 598
331 825
331 890
331 991
332 432
332 438
332 596
332 798
332 821
332 976
332 979
332 987
333 750
333 751
333 829
333 920
334 434
334 696
334 835
335 614
335 623
335 684
335 750
335 968
336 414
336 467
336 809
337 409
337 732
338 361
338 399
338 407
338 448
338 453
338 540
338 582
338 583
338 631
339 376
339 537
339 579
339 706
340 409
340 672
340 676
340 700
340 711
340 790
341 673
341 746
341 769
342 784
342 839
343 972
344 574
344 601
344 639
344 830
344 869
345 369
345 786
345 868
345 916
346 381
346 560
347 401
347 718
348 433
349 666
349 723
349 819
350 411
350 509
350 910
351 414
352 745
352 923
353 388
353 485
353 511
353 907
353 948
354 840
354 941
354 952
354 958
355 777
355 852
356 493
357 420
357 454
357 550
357 569
357 774
357 808
357 918
358 372
358 694
358 884
359 378
359 402
359 454
359 598
359 666
359 900
360 525
360 948
360 956
360 969
361 441
362 497
362 553
362 724
362 847
363 470
363 548
363 586
364 633
365 416
365 440
365 659
365 814
365 858
366 443
366 599
366 637
366 696
366 884
366 998
367 409
367 517
367 539
367 678
367 831
368 713
368 938
369 422
369 702
369 755
369 944
369 992
370 511
370 578
370 636
370 960
371 529
371 701
371 966
372 568
372 588
372 871
372 998
373 899
374 953
375 577
375 638
375 706
375 794
376 688
376 748
376 796
377 653
377 843
378 745
378 935
379 840
379 936
380 442
380 572
380 796
381 441
381 489
381 685
381 740
381 811
381 999
382 511
382 550
382 621
383 482
383 613
383 821
384 625
384 680
384 681
384 724
384 829
385 529
385 563
385 641
385 728
385 938
386 693
386 882
386 884
387 651
387 660
387 693
387 699
388 432
388 470
388 892
388 917
388 995
390 462
390 703
391 599
391 765
391 878
392 477
392 616
392 647
392 848
392 960
393 429
393 514
394 622
394 843
394 873
395 476
395 689
395 776
395 885
395 908
395 974
396 850
397 399
397 414
397 522
397 527
397 595
398 462
398 704
398 827
399 442
399 580
399 849
400 426
400 684
400 801
400 895
401 429
401 475
401 629
401 647
401 702
401 769
401 998
402 503
402 578
403 415
403 567
403 634
403 952
404 603
404 781
404 784
404 819
404 839
405 474
405 575
405 593
405 681
405 722
405 767
405 902
406 546
406 698
406 804
407 446
407 594
407 625
408 426
408 460
408 468
408 754
408 835
409 422
409 437
409 462
409 497
409 966
410 495
410 696
410 836
410 860
410 905
411 472
411 477
412 684
412 992
413 789
413 993
414 671
414 997
415 480
415 640
416 465
416 513
416 850
417 460
417 895
417 896
417 922
417 951
418 439
418 508
418 605
418 755
418 844
418 857
418 970
419 766
419 881
420 525
420 597
420 622
420 710
420 842
420 970
420 980
421 488
421 548
421 617
421 667
421 923
422 804
422 898
423 447
423 491
423 545
423 700
423 758
423 875
424 549
424 615
424 687
424 863
424 961
425 486
425 655
425 777
425 820
426 516
426 833
426 988
427 442
427 476
427 500
427 787
428 507
428 636
428 664
429 434
429 504
429 537
429 595
429 747
429 794
429 817
430 454
430 540
430 550
430 894
431 600
431 851
431 862
431 952
432 477
432 510
433 444
433 448
433 618
433 638
433 868
433 914
433 970
434 495
434 549
434 838
434 854
434 860
434 883
435 477
435 768
436 494
436 527
436 830
436 919
436 970
436 990
437 678
437 700
437 702
437 912
437 921
438 544
438 641
438 969
439 721
439 891
439 898
440 584
440 597
440 725
440 768
440 790
440 793
441 858
441 868
441 900
442 667
442 686
442 786
442 836
443 450
443 484
443 630
443 647
443 734
443 955
444 569
444 839
445 820
446 904
447 603
447 762
447 815
447 849
448 496
448 534
448 732
448 880
448 966
449 542
449 695
449 740
450 534
450 536
450 795
450 901
451 606
451 618
451 658
451 742
451 770
451 980
451 992
452 568
452 697
452 958
453 707
453 918
454 521
454 759
454 876
454 967
455 485
455 631
455 646
455 777
455 832
455 882
456 478
456 796
456 847
456 864
457 533
457 548
457 986
458 490
458 573
458 867
459 530
460 514
461 614
461 709
461 782
462 546
462 822
463 510
463 933
463 940
463 980
464 583
465 491
465 792
465 855
466 744
466 775
466 793
466 963
467 613
467 976
468 632
468 663
468 804
468 815
468 861
469 548
469 550
469 690
469 741
469 779
469 819
469 854
470 511
470 532
470 539
470 645
470 983
471 588
471 887
471 928
471 983
472 802
473 552
473 614
473 809
473 857
473 949
474 675
474 864
476 612
476 983
477 601
477 630
477 680
477 960
478 496
478 513
478 866
479 550
479 659
479 682
479 851
479 952
480 569
480 586
480 618
480 869
480 962
481 660
481 672
481 924
481 989
482 599
482 668
482 889
483 841
483 887
483 902
484 495
484 522
484 595
484 625
484 641
484 651
485 530
485 656
486 507
486 581
486 591
486 659
486 691
487 574
487 709
487 738
488 560
488 766
488 864
489 544
489 705
489 838
489 926
490 646
490 903
491 520
491 644
492 554
492 839
493 945
494 736
494 920
495 679
495 805
495 907
496 762
496 875
496 999
497 785
498 591
498 651
498 777
498 818
498 926
499 607
499 829
499 847
500 799
501 542
501 552
501 731
501 852
501 854
502 504
502 731
502 842
502 927
502 958
503 745
504 620
504 638
504 738
505 541
505 562
505 712
505 869
506 712
506 740
506 768
506 894
506 925
506 988
507 762
507 772
507 976
508 539
508 671
508 679
508 714
508 773
508 905
508 969
509 622
509 644
509 771
509 831
509 873
509 938
510 717
510 733
511 515
511 551
511 854
511 963
512 649
512 750
512 760
512 924
513 550
514 786
514 832
514 864
515 516
515 563
516 621
516 684
516 965
517 657
517 911
518 803
518 825
519 561
519 810
519 973
520 685
520 972
522 832
522 954
525 709
525 850
526 634
526 727
527 597
527 886
527 887
528 602
528 760
528 775
528 974
528 988
529 618
529 792
530 721
530 764
530 844
530 922
531 738
532 578
532 666
532 674
532 855
533 609
533 830
533 835
533 887
533 966
534 832
535 572
535 581
535 582
535 724
536 720
536 805
536 940
537 551
537 561
537 564
537 588
537 671
537 808
537 842
538 561
538 649
538 839
539 616
539 638
539 857
539 965
540 592
540 663
540 742
540 754
540 957
541 568
541 740
541 788
542 609
542 947
544 724
544 871
545 896
545 940
546 576
546 599
546 708
547 643
548 780
548 843
548 941
548 978
549 606
549 614
550 598
550 619
550 744
550 986
551 884
552 930
553 772
553 846
553 898
554 671
554 707
554 805
554 832
554 873
554 940
554 967
554 989
555 649
555 752
555 774
555 826
556 614
556 876
557 874
557 899
558 662
559 562
560 670
560 787
560 853
560 888
560 936
560 949
561 595
561 717
561 791
562 672
562 825
563 787
564 600
565 567
565 743
565 868
565 944
566 668
566 770
566 949
567 860
567 937
568 748
568 854
569 932
569 976
570 867
571 808
571 914
572 834
572 953
573 575
573 842
573 930
574 824
574 848
574 874
574 936
576 892
576 909
576 951
576 997
577 613
577 628
577 792
579 607
580 673
580 745
580 840
581 630
581 663
581 677
581 795
581 877
582 599
583 629
583 695
583 909
584 605
584 787
584 820
584 963
585 666
585 691
585 905
585 952
586 602
586 723
586 789
586 965
586 974
587 815
587 834
587 919
589 601
589 614
589 851
590 731
590 743
591 632
591 758
592 675
592 730
592 735
592 945
593 866
593 915
594 627
596 606
596 632
596 993
597 807
598 625
598 697
599 645
599 818
599 960
599 971
600 608
601 666
601 922
601 958
602 972
603 623
603 656
603 726
603 832
603 932
603 942
604 619
604 806
604 843
604 874
604 917
605 740
605 750
605 912
607 625
607 643
607 891
608 714
609 647
609 751
609 771
610 798
610 814
610 986
610 998
611 664
612 863
612 955
613 794
614 756
614 853
614 943
614 948
614 950
615 747
615 838
615 854
616 647
616 672
616 733
616 789
616 863
617 811
617 865
617 968
618 631
618 870
618 880
618 905
619 708
619 861
619 938
621 624
622 648
622 787
622 801
623 687
623 712
623 724
623 786
623 805
623 890
623 911
624 694
625 674
625 785
625 809
627 689
629 915
630 644
630 769
630 818
630 829
630 862
631 753
632 858
633 951
634 644
634 798
634 920
635 992
636 637
636 841
636 910
636 924
636 973
637 689
637 778
637 872
638 826
638 906
638 926
640 669
640 721
640 896
640 988
641 663
641 776
641 804
642 980
643 859
644 648
644 671
644 797
644 910
646 726
646 761
646 938
646 993
647 803
647 932
648 919
649 937
650 664
650 745
650 863
650 883
652 683
652 745
653 744
655 748
655 858
655 867
655 923
657 897
659 763
659 916
660 676
660 810
661 765
661 902
662 797
662 835
663 730
664 684
664 717
664 805
664 899
665 704
665 732
665 827
665 829
665 850
665 859
665 957
666 827
667 681
667 728
667 812
667 821
668 794
668 964
669 688
669 955
670 848
671 768
671 922
671 932
672 773
672 860
672 992
673 952
674 813
675 891
676 678
677 943
677 951
678 683
679 770
680 772
680 905
681 769
682 761
682 816
682 823
682 957
683 740
684 719
684 865
684 892
684 985
685 736
685 830
685 869
686 825
686 864
686 974
687 845
688 768
688 910
689 692
690 986
691 920
692 758
692 821
692 847
692 852
693 726
693 863
696 715
696 728
697 715
697 729
697 857
697 880
698 949
699 855
700 769
700 808
700 989
701 895
701 921
702 754
702 957
703 829
703 904
703 999
704 792
705 718
705 770
705 864
705 920
707 804
707 944
708 918
709 819
712 729
712 767
712 873
712 895
713 956
714 728
714 927
714 971
716 939
717 817
717 953
717 958
720 814
720 949
722 845
722 961
723 986
724 747
724 920
725 799
725 886
725 918
726 780
726 781
727 775
728 766
728 799
730 837
733 743
733 954
734 857
734 860
736 805
736 867
736 908
737 747
737 996
738 832
741 949
742 866
742 881
742 966
742 987
743 899
747 972
748 898
748 903
749 820
750 807
750 840
750 861
751 808
751 903
752 893
752 894
752 896
753 889
753 967
755 839
756 937
756 954
758 843
759 929
759 966
760 778
760 900
760 909
761 812
762 922
762 966
763 889
764 912
764 920
765 766
765 851
767 866
767 966
769 928
770 901
770 916
770 965
772 823
772 950
772 951
773 852
773 893
774 786
775 960
776 859
777 829
779 842
779 850
780 981
780 986
781 964
782 909
784 881
786 978
789 805
789 939
789 993
791 937
794 999
797 934
797 954
798 868
799 914
799 996
801 934
802 887
802 973
803 853
803 873
804 853
805 945
805 976
805 990
806 896
807 907
807 986
808 882
808 897
809 902
810 822
812 981
815 914
815 922
817 855
817 951
817 965
818 990
820 875
824 892
825 834
825 848
825 928
830 976
832 941
832 991
834 987
835 923
835 927
835 963
836 838
836 930
836 968
837 858
837 972
838 862
838 888
838 950
839 892
839 945
843 897
843 904
844 959
845 886
845 970
847 848
847 953
848 957
850 917
850 940
851 884
851 934
853 919
853 924
855 938
857 880
857 898
859 889
859 914
859 962
860 963
860 981
861 980
864 900
865 881
866 941
871 961
872 922
873 912
873 914
873 975
875 910
879 953
882 955
884 891
885 897
886 988
887 966
889 914
889 933
889 981
890 982
892 898
892 926
894 943
895 944
895 988
897 907
898 959
899 951
901 911
901 948
901 989
902 975
903 984
904 917
904 940
908 934
910 917
911 913
911 923
911 929
912 916
915 964
917 982
918 954
922 994
925 941
927 939
928 949
928 999
929 962
930 971
932 974
935 942
936 987
938 992
939 954
941 995
943 977
953 957
958 971
965 983
971 997
